# lambda beta
210.44	0.
210.35900912207154	0.985013749635641
210.27797034598373	1.9700255302955583
210.19683566058595	2.9550333683474292
210.1155568281802	3.940035280822272
210.0340852698306	4.925029270687631
209.95237194895893	5.910013322049721
209.870367252632	6.89498539526025
209.78802086992732	7.879943421902212
209.7052816667366	8.864885299628568
209.6220975563371	9.849808886825627
209.53841536502202	10.834711997072148
209.4541806920372	11.819592393362782
209.36933776302058	12.804447782062724
209.28382927607979	13.789275806557626
209.19759623957563	14.774074040560109
209.11057780060042	15.758839981031244
209.02271106305034	16.743571040670943
208.93393089408903	17.72826453992778
208.84416971768408	18.712917698473063
208.75335729376536	19.697527626079463
208.6614204814053	20.6820913128373
208.5682829842514	21.66660561863523
208.47386507624714	22.651067261823627
208.37808330545872	23.635472806969872
208.28085017357543	24.61981865160449
208.18207378836584	25.604101011845017
208.08165748604787	26.58831590677076
207.97949942015987	27.57245914140664
207.87549211309573	28.556526288155823
207.76952196597935	29.540512666501158
207.6614687219974	30.524413320771664
207.55120487766501	31.508222995743246
207.43859503576044	32.491936109812265
207.32349519280885	33.4755467254444
207.20575195300572	34.45904851655939
207.08520165932356	35.442434732464484
206.9616694312094	36.425698157893024
206.83496809672573	37.40883106863883
206.70489700516904	38.3918251822008
206.57124070406988	39.374671602761666
206.43376746197498	40.35736075971981
206.29222761546455	41.33988233886733
206.14635171537176	42.32222520516092
205.99584844304235	43.30437731585586
205.84040226256178	44.28632562256603
205.67967076901905	45.26805596056234
205.51328168586505	46.24955292332421
205.3408294560018	47.23079971999865
205.16187136108542	48.21177801298751
204.975923091238	49.1924677323568
204.78245367243764	50.172846863121336
204.58087964064163	51.15289120067367
204.37055832938933	52.13257406866411
204.15078011017047	53.11186599245085
203.92075939090097	54.09073431976649
203.67962413567346	55.069142778412235
203.4264036162967	56.047050958492385
203.160014040047	57.02441370380521
202.87924161465045	58.001180393337606
202.58272250565443	58.977294089132364
202.26891900618375	59.95269052079631
201.9360910654302	60.92729686916576
201.58226209768247	61.901030301564106
201.2051777013935	62.873796197874974
200.80225553456236	63.84548598920816
200.37052408663865	64.81597450770633
199.90654741376608	65.78511671484449
199.40633200112347	66.75274363329761
198.86521069527333	67.71865724960904
198.27769698532805	68.68262407495487
197.63730062451918	69.64436693965897
196.93629241393413	70.60355443946592
196.16540154171528	71.55978722639364
195.31342263766047	72.51258001146557
194.36670087284406	73.46133767025468
193.3084508679488	74.40532313634411
192.11784727008467	75.34361370906973
190.76879946361484	76.27504079520146
189.22828739881524	77.19810564103744
187.45408768010753	78.11085980792721
185.39165964046126	79.01073326213844
182.96990215581386	79.89428393705946
180.09547914543245	80.75682923853513
176.64558278922442	81.59190163046021
172.45972845430623	82.3904505727228
167.33334730614527	83.13970951875379
161.0213635933342	83.82171925088677
153.2707924090428	84.41180263085131
143.91431157416207	84.87808827975496
133.04404613268701	85.18447872116714
121.18795581374171	85.2996012918838
109.26881258997737	85.20964628230249
98.2377526186767	84.92550821197345
88.68096771142721	84.47707676905608
80.7369869461551	83.90048128760033
74.2597971095358	83.22838233190417
69.00033146973392	82.48636517136578
64.70986683894675	81.69314558216573
61.1782641519816	80.86204809385761
58.23982609596145	80.0025150819117
55.76752108956855	79.12128498470096
53.66478116115866	78.22322785432524
51.85808764996229	77.31191665362748
50.291102857015	76.39001400645681
48.92026489422402	75.45953480300174
47.71155041923785	74.52202620356786
46.63811034371204	73.57869258114269
45.67854043429373	72.63048345483863
44.815609122234385	71.67815625948998
44.03531427445827	70.72232178159338
43.32617759382487	69.7634774930323
42.67871181550737	68.80203232073968
42.085014570984704	67.83832527618368
41.53845592139376	66.87263962682091
41.0334357854688	65.9052137918265
40.565193993724286	64.93624980337577
40.12966031900497	63.965919939190876
39.723335136152635	62.99437196739432
39.343193744171984	62.021733328260574
38.98660911454909	61.04811449418561
38.651289097467156	60.073611689018165
38.33522505471948	59.09830910396575
38.03664958616874	58.1222807149106
37.754001540706945	57.14559178188826
37.48589689917437	56.168300093412064
37.23110441887528	55.190457004658555
36.9885251612487	54.21210830810658
36.75717520346183	53.233294967219024
36.5361709740736	52.25405373756245
36.32471676199852	51.27441769493731
36.12209403388164	50.29441668631184
35.92765226299979	49.314077716370434
35.74080102694921	48.3334252801227
35.56100317471644	47.35248165013311
35.38776889859395	46.37126712541802
35.22065057458282	45.38980024783744
35.05923825781397	44.40809799082079
34.90315573819011	43.42617592446296
34.75205707674798	42.4440483603692
34.605623555824984	41.46172847908798
34.46356098650826	40.47922844252698
34.325597325462276	39.4965594933788
34.19148056040184	38.51373204327751
34.06097682946667	37.530755751152405
33.93386874477155	36.54763959303214
33.80995389462508	35.5643919243729
33.689043502468394	34.58102053583446
33.57096122359489	33.597532703299706
33.45554206326616	32.61393523282536
33.34263140201188	31.630234501120768
33.23208411575609	30.646436492072027
33.12376377999732	29.662546829763315
33.01754194863119	28.67857080838855
32.913297499172934	27.69451341939896
32.81091603714515	26.71037937618849
32.71028935326691	25.72617313658266
32.61131492783349	24.74189892336568
32.51389547732976	23.75756074305231
32.41793853888836	22.77316240308724
32.323356088698674	21.788707527634728
32.23006419090384	20.804199572102704
32.137982673900595	19.819641836529215
32.0470348312866	18.835037477946656
31.957147144989378	17.850389521825804
31.86824902836467	16.865700872692116
31.780272587275526	15.880974323996227
31.69315239735913	14.896212567313938
31.606825295861643	13.911418200942464
31.521230186572605	12.926593737954164
31.43630785652515	11.941741613762687
31.352000803245417	10.956864193252727
31.268253071438593	9.97196377751861
31.18501009809007	8.987042610254932
31.102218565039855	8.002102883837821
31.01982625815849	7.0171467451327345
30.937781932313037	6.0321763010630605
30.85603518136492	5.047193623970358
30.774536312485775	4.0622007567958605
30.69323622411645	3.077199718111501
30.61208628692597	2.0921925070267093
30.53103822715346	1.1071811079967233
30.450044011736676	0.12216749555690853
30.369055734646395	-0.8628463609927053
30.28802550385577	-1.8478584929290918
30.206905328379705	-2.832866927451022
30.125647004819665	-3.817869683003096
30.044202002845008	-4.80286476455602
29.96252134903299	-5.787850158818955
29.880555508475524	-6.772823829359467
29.798254263541157	-7.757783711605725
29.715566589156225	-8.742727707704958
29.632440523938758	-9.7276536812101
29.54882303648148	-10.712559451565923
29.46465988603746	-11.697442788363418
29.37989547681081	-12.682301405329738
29.294472704996625	-13.667132954017816
29.208332797646364	-14.651935017157825
29.121415142358078	-15.636705101628749
29.03365710670256	-16.621440631004887
28.94499384619591	-17.60613893762799
28.855358099515104	-18.590797254151212
28.764679969523442	-19.57541270449481
28.672886688524986	-20.559982294148597
28.57990236600068	-21.54450289974791
28.485647716887826	-22.528971257843423
28.390039768249146	-23.51338395277402
28.29299154193164	-24.49773740354405
28.19441171053508	-25.482027849593166
28.09420422369105	-26.466251335333098
27.992267901288102	-27.45040369331251
27.888495989861614	-28.434480525851328
27.782775677888534	-29.418477184967514
27.67498756517859	-30.402388750395176
27.565005080921924	-31.386210005467944
27.452693844226538	-32.369935410608434
27.337910960138476	-33.35355907413302
27.220504243166683	-34.337074720036114
27.10031135920725	-35.32047565237508
26.977158875452034	-36.30375471581762
26.850861206340284	-37.286904251852846
26.72121944182883	-38.269916050089336
26.588020042167667	-39.25278129397688
26.451033380915188	-40.235490500184056
26.31001211503789	-41.218033450742894
26.164689357527354	-42.20039911692484
26.0147766239236	-43.18257557364379
25.859961519328895	-44.164549902975494
25.699905126765863	-45.14630808514039
25.534239050878465	-46.12783487500292
25.362562062742924	-47.10911366179255
25.18443628163787	-48.0901263093229
24.999382817625253	-49.07085297347626
24.80687678422533	-50.05127189309195
24.606341572705155	-51.031359149633346
24.3971422577483	-52.011088390072985
24.178577977520728	-52.9904305062731
23.94987309809052	-53.96935326271122
23.710166931118252	-54.947820862611195
23.458501722523668	-55.925793440306364
23.193808565600513	-56.90322646484944
22.914890811043307	-57.880070036320205
22.620404443607146	-58.85626805174357
22.308834764036785	-59.8317572117181
21.978468546625713	-60.806465831343246
21.627360625348203	-61.78031240928365
21.25329357871011	-62.753203896035444
20.853728813047745	-63.72503358561326
20.425746855286498	-64.69567853246798
19.965974016493117	-65.66499636538467
19.470491717152683	-66.63282132941504
18.934723589583253	-67.5989593312978
18.353293872241295	-68.56318168706312
17.719848412906817	-69.52521716347522
17.026826555002454	-70.4847417540156
16.265167934522392	-71.44136541480418
15.423932242710016	-72.39461467507954
14.489801555097555	-73.34390958277501
13.446422801401317	-74.2885327739429
12.273530814336052	-75.22758744862168
10.94576806534922	-76.15993951094495
9.431083108890178	-77.08413679633387
7.688543512679585	-77.99829470552436
5.665340777451819	-78.89993199152957
3.29270427302144	-79.78573188806968
0.4804179566401788	-80.651190984349
357.1097685795939	-81.49010048322057
353.0253762811998	-82.2937842970012
348.02827439485156	-83.05001085988815
341.8774928442549	-83.7415527887085
334.3175283107679	-84.34463063053212
325.16250198696173	-84.8282037432621
314.46117115148695	-85.15634582715111
302.68285544578856	-85.2964128436588
290.7158616416328	-85.2318015551528
279.533104568808	-84.97039382898805
269.77789330974304	-84.54038497271975
261.63801444126625	-83.97778379426299
254.99166164790392	-83.31598847061014
249.59524335863756	-82.58149893652342
245.1969319213227	-81.7938117142368
241.58108273322722	-80.9668328938694
238.57668637102228	-80.11041478582769
236.05235783420312	-79.23157947248103
233.9081824959536	-78.33539314889586
232.06813408435215	-77.42556554752724
230.47401050860645	-76.50485587033847
229.08086197022297	-75.57534819397102
227.85362576577094	-74.63863998501984
226.76466795389004	-73.69597273427229
225.79198601101095	-72.74832373518879
224.9178877832743	-71.79647148348266
224.12801306011417	-70.84104293610403
223.41060247891082	-69.88254812586317
222.75594611549468	-68.92140584312804
222.15596365478459	-67.95796292310519
221.60388175594755	-66.99250889759045
221.09398386125136	-66.0252872455128
220.62141448990616	-65.05650411924253
220.18202487535785	-64.08633517717342
219.7722502459169	-63.11493098105075
219.3890115267742	-62.142421295024405
219.02963604076496	-61.16891853665513
218.69179310256553	-60.19452056747929
218.37344137346383	-59.219312965089046
218.07278556754244	-58.243370885072494
217.7882406429574	-57.2667605961872
217.51840202229403	-56.289540753424006
217.26202069839542	-55.31176345947722
217.01798232162628	-54.33347515435818
216.7852895495034	-53.35471736462665
216.5630470833665	-52.375527337321216
216.3504489291758	-51.395938578695706
216.14676750796187	-50.41598131397791
215.9513443114322	-49.43568288129231
215.763581853921	-48.45506807046036
215.58293671640598	-47.474159415446934
215.4089135141249	-46.49297744767358
215.24105964825142	-45.51154091615999
215.07896072557116	-44.529866979447405
214.92223654924334	-43.547971373429505
214.77053759940958	-42.56586855854499
214.6235419353013	-41.58357184923122
214.48095246113908	-40.60109352808627
214.34249450693576	-39.618444946806164
214.2079136826494	-38.63563661565482
214.07697397025686	-37.652678282961716
213.94945602344515	-36.669579005924405
213.82515564892998	-35.68634721381109
213.70388244704225	-34.70299076450392
213.5854585922976	-33.719516995192365
213.46971773726895	-32.73593276791942
213.35650402529905	-31.752244510584674
213.24567119948102	-30.76845825393353
213.13708179695053	-29.78457966499022
213.03060641892063	-28.800614077335823
212.9261230680812	-27.816566518581254
212.82351654601084	-26.832441735342684
212.7226779041362	-25.848244215990064
212.62350394254062	-24.863978211405097
212.52589675158887	-23.879647753961024
212.4297632919123	-22.895256674907415
212.33501500880334	-21.91080862032672
212.24156747750618	-20.926307065807762
212.14934007627383	-19.941755329967236
212.05825568439792	-18.957156586934317
211.96824040271173	-17.97251387790432
211.87922329432402	-16.987830121852383
211.79113614356908	-16.003108125492588
211.70391323135746	-15.01835059255717
211.6174911252863	-14.03356013246453
211.53180848302435	-13.048739268436492
211.44680586762112	-12.063890445122837
211.3624255735104	-11.079016035782033
211.2786114620831	-10.094118349066221
211.1953088057974	-9.109199635452839
211.11246413987496	-8.124262093362049
211.03002512070344	-7.139307874996774
210.94794039012638	-6.154339091939249
210.86615944485663	-5.169357820535097
210.7846325102941	-4.184366107095855
210.70331041806844	-3.199365972947234
210.6221444866598	-2.2143594193493783
210.54108640447814	-1.2293484323166837
210.4600881148019	-0.24433498735955084
210.37910170199393	0.7406789458260192
210.29807927842302	1.7256913986982596
210.21697287152512	2.710700399214886
210.13573431044028	3.695703967161748
210.05431511165696	4.680700109438973
209.97266636308763	5.665686815283678
209.890738605985	6.650662051402392
209.80848171409113	7.635623756989503
209.7258447693855	8.620569838604652
209.642775933771	9.605498164882846
209.55922231599786	10.590406561046322
209.4751298330861	11.57529280319011
209.39044306545426	12.560154612306206
209.3051051049075	13.544989648012745
209.21905739456955	14.529795501949238
209.132239559768	15.514569690798169
209.04458922879604	16.499309648886154
208.95604184237393	17.484012720318262
208.86653045052168	18.46867615059037
208.77598549542725	19.4532970776213
208.6843345787483	20.43787252214004
208.59150221162218	21.422399377356143
208.497409545471	22.406874397833974
208.40197408147571	23.391294187482202
208.30510935635283	24.37565518656048
208.2067246017888	25.35995365759254
208.1067243745765	26.34418567006408
208.0050081541361	27.328347083765095
207.90146990369462	28.312433530623778
207.79599759092682	29.29644039485521
207.68847266332133	30.280362791228264
207.57876947291572	31.264195541226442
207.46675464432866	32.24793314685037
207.35228637919454	33.23156976177165
207.2352136891495	34.21509915951239
207.11537554841348	35.19851469827357
206.99259995572655	36.18180928198454
206.86670289390054	37.1649753170814
206.73748717349793	38.14800466444833
206.6047411451028	39.13088858587073
206.46823726224414	40.11361768424513
206.32773047420105	41.096181836673935
206.18295642457804	42.078570119428214
206.03362942757906	43.06077072359863
205.87944018920746	44.042770860048414
205.72005323501256	45.02455665205035
205.55510399930077	46.00611301369989
205.38419552268434	46.98742351185476
205.20689469515054	47.96847020893793
205.0227279701199	48.949233483437126
204.83117646074274	49.929691824326085
204.63167031235574	50.909821594884875
204.42358222381185	51.88959676048639
204.2062199643299	52.86898857378302
203.9788177003169	53.84796520933864
203.74052590667182	54.82649133800943
203.49039958727016	55.80452762920731
203.2273844668926	56.78203016644393
202.950300738175	57.758949758097685
202.65782384742934	58.735231120940796
202.3484616760452	59.71081190833027
202.02052731109347	60.685621547691326
201.67210638821325	61.6595798424862
201.30101771623947	62.63259528151474
200.9047655349464	63.60456298212255
200.48048128526946	64.57536217226968
200.02485214449152	65.5448530874457
199.53403273984566	66.51287311924104
199.0035353219788	67.47923199892051
198.428092139878	68.44370572564128
197.8014816467934	69.40602884629942
197.11630724558177	70.36588454942543
196.363713208877	71.32289182965465
195.5330166866582	72.2765886825433
194.61122661845468	73.22640985657284
193.58240885758073	74.17165704968278
192.4268404137795	75.111458481312
191.11987241472582	76.04471332363005
189.63038865627024	76.97001426197124
187.91870195918156	77.88553804105631
185.93367354627443	78.78888857275645
183.608779220801	79.67686905915062
180.85681412732052	80.54514738987272
177.56303140252527	81.38776190027784
173.5770412806513	82.19639427887712
168.70548272199315	82.95932556395111
162.71187302311128	83.66003517677942
155.33944109446733	84.2756275789963
146.38634450150573	84.77592520572313
135.86112934894766	85.12529894083573
124.17472730694477	85.29004242257675
112.17545494224893	85.25090238097934
100.85104192680367	85.01267670389095
90.90005905260598	84.6016580753072
82.5621539332045	84.05356984908026
75.74275174747451	83.40248544198286
70.20545735330276	82.67582144058976
65.69597496285421	81.89387849878074
61.993256602460605	81.0711683560325
58.920891721647344	80.21797208010875
56.34301240435968	79.34160873884
54.156239816679054	78.4473497851013
52.281946929102745	77.53904788600684
50.65999732678273	76.61956300387489
49.24400192289062	75.69105126581668
47.99782114820904	74.75516243075288
46.89300879182078	73.81317650368173
45.90694388544954	72.86609954826496
45.02145875795814	71.91473184127392
44.22182395926053	70.95971703798578
43.49599063896717	70.00157812404599
42.83401979827588	69.04074404776517
42.227648243392856	68.0775696919378
41.66995540529657	67.11235102467157
41.155105255702615	66.14533671809802
40.67814464011976	65.176737149314
40.23484437387007	64.20673143998965
39.82157303343027	63.23547301131087
39.4351959554834	62.26309400415475
39.07299382740549	61.289708823994914
38.732596621562664	60.31541700487027
38.411929635104755	59.340305539294974
38.10916914732876	58.36445078609686
37.82270576900104	57.38792004227475
37.551113982649994	56.41077284557596
37.2931266958683	55.433062059857086
37.04761387716089	54.45483478415571
36.81356453480135	53.47613311785506
36.590071447418964	52.49699480773197
36.376318170893434	51.517453797549756
36.17156793721309	50.5375406968417
35.97515413297345	49.55728318237324
35.78647210245776	48.576706343266544
35.604972066017154	47.59583297877658
35.43015298124824	46.614683856109934
35.261557204162145	45.633277934393014
35.09876583162927	44.65163255985634
34.94139462601429	43.66976363645288
34.78909043898285	42.687685775442866
34.64152806466466	41.705412426906435
34.49840746325278	40.7229559956822
34.35945130514438	39.74032794384382
34.224402793230425	38.75753888150686
34.093023727202436	37.77459864748836
33.9650927789868	36.79151638112578
33.84040395281936	35.808300586368325
33.718765207184	34.82495918909918
33.599997218975595	33.84149958851451
33.48393227290726	32.85792870327346
33.37041326144257	31.874253013034306
33.259292782461905	30.890478595915297
33.15043232351997	29.906611162346557
33.04370152296416	28.922656085718287
32.93897749939775	27.93861843018469
32.83614424201679	26.95450297593419
32.73509205525242	25.97031424219992
32.635717051930826	24.986056508253
32.537920689840604	24.001733832592308
32.44160934718462	23.017350070517438
32.34669393290612	22.032908890254603
32.25308952832464	21.048413787781683
32.16071505690749	20.063868100485493
32.069492979343835	19.07927501976978
31.97934901138704	18.09463760271923
31.89021186219317	17.10995878291162
31.80201299111428	16.125241380467045
31.714686381107413	15.140488111407649
31.628168327098052	14.155701596397606
31.542397237794678	13.170884368925584
31.457313449588117	12.186038882987845
31.37285905129176	11.201167520320837
31.288977718585457	10.216272597233612
31.205614557120033	9.231356371080238
31.12271595332181	8.246421046415023
31.040229432008807	7.261468780864149
30.958103519993262	6.276501690751402
30.87628761489936	5.291521856506833
30.794731858472367	4.306531327889715
30.713387013695126	3.321532129055072
30.63220434506121	2.3365262634880253
30.551135501382166	1.351515718835003
30.47013240052752	0.3665024716534333
30.389147115513616	-0.618511507892876
30.308131761368212	-1.6035242513718941
30.227038382205254	-2.5885337874287018
30.145818837944965	-3.57353813711741
30.064424690112556	-4.558535309194525
29.9828070861399	-5.543523295350312
29.900916641582516	-6.528500065353342
29.818703319645287	-7.5134635620855335
29.73611630738811	-8.498411696437984
29.653103887952483	-9.483342342042889
29.569613308115688	-10.468253329812342
29.485590640437067	-11.45314244225355
29.400980639212516	-12.43800740752684
29.315726589396277	-13.422845893214046
29.229770147584194	-14.407655499756913
29.143051174077886	-15.3924337535272
29.055507554963587	-16.377178099483302
28.96707501304279	-17.361885893364658
28.87768690634057	-18.346554393371918
28.787274012792228	-19.331180751274587
28.69576429956596	-20.31576200288221
28.603082675317356	-21.30029505780732
28.509150723487167	-22.284776688443557
28.413886414544606	-23.26920351806963
28.317203794840477	-24.253572007983593
28.219012649462787	-25.237878443558586
28.119218136179143	-26.222118919098023
28.017720387196572	-27.206289321353793
27.91441407506593	-28.190385311557435
27.809187938596317	-29.174402305787254
27.70192426411405	-30.15833545348022
27.592498316791378	-31.14217961386734
27.480777716068182	-32.12592933008368
27.36662174837979	-33.10957880066728
27.249880609467017	-34.09312184812741
27.1303945674587	-35.07655188421016
27.007993036655506	-36.059861871442166
26.882493550474173	-37.04304428046814
26.753700620296968	-38.02609104262555
26.62140446496248	-39.00899349711631
26.485379593277877	-39.99174233203712
26.345383219159785	-40.974327518407904
26.20115348573686	-41.956738236203904
26.052407470871728	-42.93896279123237
25.898838941957877	-43.92098852149479
25.74011582236291	-44.9028016914489
25.575877325334755	-45.88438737230058
25.40573070332434	-46.86572930612223
25.22924755121066	-47.846809751189426
25.045959590474922	-48.827609305438585
24.855353847491905	-49.80810670435176
24.65686712220223	-50.78827858884682
24.44987962275172	-51.768099237864135
24.23370761628015	-52.747540259238235
24.007594914689534	-53.72657023108707
23.770702975342548	-54.70515428426131
23.522099348190142	-55.68325361428336
23.26074414013469	-56.660824908550126
22.98547409099755	-57.63781967121403
22.69498375865071	-58.61418342389052
22.387803187545845	-59.589854754868696
22.06227127679884	-60.56476418246538
21.71650386008456	-61.53883278902515
21.348355244823345	-62.51197057013243
20.955371611941825	-63.4840744278859
20.534734221557773	-64.45502571622524
20.083189764994277	-65.42468721837054
19.596964394632735	-66.39289939872387
19.07165687286534	-67.35947572016613
18.502104799887793	-68.32419674689515
17.882215850096177	-69.28680265448139
17.20475314215413	-70.24698363035324
16.461059960969827	-71.20436745098183
15.640703565488606	-72.15850323862617
14.731010064189404	-73.10883998765854
13.716451324037399	-74.05469784159939
12.577829182078336	-74.99522919280167
11.291179907784379	-75.92936530275591
9.826290448920076	-76.85574204203925
8.14467492008087	-77.77259511499881
6.19680416158082	-78.67761013127512
3.9183192755649316	-79.56770518031905
1.224920808040223	-80.43871194276713
358.00570155157567	-81.28490481525205
354.1151418896586	-82.09830727992568
349.36546525385427	-82.86769126601462
343.5249891890392	-83.57721786171638
336.3367851638246	-84.20485888370334
327.58547166497715	-84.72132379563925
317.24260363121476	-85.0913933550759
305.6615801018747	-85.28050291384204
293.64585300901985	-85.26691177994891
282.19074258794393	-85.0522901071785
272.04746612471433	-84.66082601053768
263.5098153824675	-84.12778073776514
256.5135736631019	-83.48782904807965
250.8314334407861	-82.76930093465964
246.207369467654	-81.99332346313437
242.41507522091806	-81.17503854220215
239.27266260835722	-80.32517554389452
236.63965219917708	-79.45136448353745
234.4090807741099	-78.55909163642247
232.49962429796292	-77.65235907586367
230.84913945187077	-76.73413191113428
229.40974444976825	-75.80664131961302
228.14418385747226	-74.87159142930207
227.02317069851017	-73.93030221705598
226.02344462955432	-72.98380955443827
225.1263469714062	-72.03293624843846
224.31676746804536	-71.07834320087997
223.58235906411144	-70.12056675662569
222.91294705398204	-69.16004632686685
222.30008027204897	-68.19714507344528
221.73668697436568	-67.23216557837014
221.21680857695452	-66.2653618446164
220.7353918198267	-65.2969485817012
220.2881251681121	-64.32710845958451
219.8713089998141	-63.35599782656257
219.48175181612925	-62.3837512545264
219.11668665676464	-61.41048518073467
218.77370332484324	-60.43630084742861
218.45069307368448	-59.4612866912837
218.1458031858991	-58.4855202984634
217.8573994577923	-57.509070014180026
217.5840350415669	-56.53199627558084
217.32442443185803	-55.55435272162876
217.07742163884168	-54.57618712212499
216.84200178726257	-53.59754215920327
216.61724553365556	-52.61845608781269
216.40232581344827	-51.63896329641966
216.1964965234424	-50.65909478502445
215.9990828192952	-49.67887857433138
215.8094727665228	-48.69834005733492
215.62711013059854	-47.71750230253784
215.45148812950248	-46.73638631637053
215.28214400256303	-45.75501127106378
215.11865427415032	-44.773394703156896
214.96063061091155	-43.791552686959875
214.80771618770427	-42.80949998657411
214.65958249091125	-41.82725018950302
214.5159264989741	-40.84481582440023
214.37646818922124	-39.86220846511233
214.24094832773946	-38.879438822844435
214.1091265054403	-37.896516828005474
213.98077938883023	-36.91345170305745
213.855699158492	-35.93025202751089
213.7336921120735	-34.94692579603962
213.6145774117837	-33.96348047055562
213.49818595910853	-32.979923026972386
213.38435938176625	-31.996259997282706
213.2729491198887	-31.01249750749814
213.16381560009435	-30.028641311924787
213.05682748755987	-29.044696824189998
212.95186100743211	-28.060669145379705
212.84879932798913	-27.076563089607816
212.74753199887644	-26.09238320729348
212.64795443853998	-25.10813380639233
212.5499674656667	-24.123818971798613
212.45347687004133	-23.139442583110366
212.3583930187494	-22.15500833092507
212.26463049410955	-21.170519731819468
212.17210776011615	-20.185980142144558
212.08074685451845	-19.201392770758275
211.99047310396742	-18.216760690800044
211.90121485992768	-17.232086850605256
211.81290325328564	-16.247374083844207
211.72547196579114	-15.262625118962845
211.6388570166512	-14.277842587996943
211.5529965627529	-13.293029034820506
211.46783071113387	-12.308186922887018
211.38330134244177	-11.32331864251627
211.29935194423322	-10.338426517773541
211.21592745305773	-9.353512812984349
211.13297410435706	-8.368579738927082
211.05043928928256	-7.383629458738227
210.9682714175981	-6.398664093566055
210.8864197858912	-5.413685728004836
210.80483445036313	-4.428696415340227
210.72346610350897	-3.4436981826320334
210.64226595403377	-2.4586930356647514
210.5611856093784	-1.473682963789713
210.48017696025204	-0.48866994468397706
210.3991920665848	0.4963440509497161
210.31818304432716	1.481357054716952
210.23710195252914	2.4663670958787094
210.1559006801353	3.451372196685199
210.07453083192846	4.436370367675565
209.99294361304908	5.421359602918358
209.9110897115028	6.406337875168816
209.82891917805418	7.391303130917123
209.74638130287875	8.376253285304742
209.6634244883203	9.361186216877584
209.57999611706347	10.346099762150104
209.4960424149924	11.330991709949899
209.41150830795738	12.315859795510406
209.32633727161692	13.300701694275759
209.24047117345717	14.285515015383524
209.1538501060182	15.270297294782424
209.06641221027266	16.255045987941884
208.97809348800558	17.239758462107886
208.88882760193698	18.224431988049417
208.7985456622032	19.209063731240235
208.7071759976745	20.193650742412686
208.61464391042475	21.1781899474133
208.5208714114899	22.1626781362817
208.42577693584448	23.1471119514691
208.32927503429113	24.13148787509786
208.23127603969263	25.11580221515726
208.1316857046702	26.100051090514924
208.0304048075452	27.08423041460945
207.92732872290577	28.06833587767308
207.82234695272243	29.05236292731714
207.71534261341904	30.03630674728481
207.60619187370364	31.020162234156786
207.49476333727497	32.00392397176416
207.38091736372533	32.98758620302882
207.264505320039	33.97114279891292
207.14536875402072	34.954587224117105
207.0233384797497	35.937912499109814
206.89823356371312	36.92111115801557
206.76986019859172	37.904175201812826
206.63801044969955	38.88709604621496
206.50246085677279	39.869864463504854
206.36297087108255	40.85247051748337
206.219281104642	41.83490349055341
206.07111136448296	42.817151801799916
205.91815844047215	43.79920291473891
205.76009360977326	44.78104323317435
205.5965598146496	45.762657983335764
205.4271684626168	46.744031080134434
205.25149578870491	47.72514497498802
205.06907870841619	48.70598048217827
204.8794100764205	49.68651658013131
204.6819332495356	50.666730183297574
204.47603583237833	51.646595879439936
204.26104245931558	52.62608562607001
204.03620643580538	53.60516839845148
203.8007000243752	54.5838097799399
203.55360311334823	55.56197148337937
203.29388994742715	56.53961078969378
203.0204135249834	57.51667988654954
202.73188717291737	58.493125085822
202.4268626903144	59.46888589330277
202.10370429889215	60.443893897257425
201.76055744073824	61.41807143360829
201.39531120759995	62.391329973970485
201.00555285124136	63.36356816758757
200.58851238393527	64.33466944808045
200.14099469430022	65.30449908900525
199.65929582376478	66.27290055589299
199.13909899877632	67.23969095299879
198.57534458828073	68.20465529498952
197.9620662046765	69.16753923933291
197.2921824731815	70.1280397824984
196.55723024668475	71.08579323467885
195.74701978682407	72.04035951701782
194.84918500814933	72.9912014315675
193.84859133815894	73.93765697435818
192.7265487240293	74.87890189743906
191.45975594221608	75.8138984211904
190.0188722256897	76.74132400775859
188.36657070858743	77.65947104239082
186.45487400814645	78.56610352995365
184.22151025437626	79.45824960492783
181.58498271180278	80.33189758552511
178.43809893486738	81.18154737214937
174.64008555696267	81.99954893624043
170.0087081878547	82.7751440758788
164.31733589356762	83.49315047074616
157.3098619571781	84.1323884306529
148.75961680680683	84.66447082668022
138.60439692133733	85.05468786843977
127.14146278791353	85.26781348297227
115.12523392114021	85.27979829646154
103.55126243177763	85.08916943791033
93.22003528968064	84.71781803485563
84.48137883188531	84.20035599300698
77.30463237980342	83.57197334902796
71.47364091193612	82.86190429804927
66.73150001190822	82.09212314745307
62.84683775136856	81.27842682777522
59.632227148761494	80.43201328290661
56.94245041109073	79.56083807834688
54.66683733378683	78.67061234663444
52.72126750922245	77.76549436080008
51.041515413292394	76.84855897866169
49.57815104252412	75.9221155704813
48.29276254394474	74.98792480542693
47.1551925551163	74.04734815410538
46.141519619018766	73.10145237752067
45.23257797590269	72.15108359235178
44.412864576638015	71.19692051643014
43.66972513714095	70.2395132753052
42.99274238756782	69.27931205884296
42.37327193045981	68.31668854730002
41.804086775349134	67.35195212000521
41.27910260319283	66.38536225276312
40.7931635449652	65.4171380984777
40.3418737284467	64.44746596290125
39.92146374388112	63.47650519102281
39.52868397672455	62.50439284151587
39.16071878064665	61.53124742845257
38.8151169418835	60.55717193888789
38.489734973722285	59.582256283621334
38.18269058694002	58.60657930082469
37.89232428561506	57.630210404359566
37.61716749267229	56.65321094779363
37.35591595498989	55.67563535944418
37.107407442124085	54.69753209186524
36.87060295620099	53.71894442007396
36.64457082829294	52.73991111579467
36.42847319968591	51.760467019533195
36.221554483074286	50.780643528037
36.02313147501781	49.80046901134512
35.832584851580854	48.819969170979526
35.64935182744132	47.839167348719485
35.47291979757058	46.85808479371839
35.302820811885326	45.8767408943589
35.13862675863609	44.89515338015344
34.979945152941156	43.91333849810299
34.826415443752765	42.93131116720287
34.677705766400216	41.94908511418814
34.53351007927687	40.96667299312517
34.39354563269154	39.98408649104914
34.2575507257563	39.00133642151336
34.12528271372908	38.018432807636444
33.996516233705634	37.03538495600373
33.87104162115124	36.0522015225805
33.74866349363293	35.06889057163085
33.62919948138304	34.08545962850151
33.51247908709347	33.10191572700672
33.398342659694606	32.118265452056484
33.28664046887733	31.134514978082407
33.17723186883003	30.150670103744396
33.069984541129614	29.166736283338224
32.964773807986454	28.182718655274755
32.86148200812672	27.198622067951597
32.75999792853225	26.214451103299815
32.66021628606693	25.23021009825777
32.56203725371989	24.24590316438855
32.465366026804745	23.261534205838316
32.370112424983745	22.27710693580684
32.27619052644746	21.29262489168154
32.18351833098388	20.30809144897343
32.09201744902348	19.323509834175056
32.001612814055214	18.338883136649258
31.912232416079785	17.354214319644413
31.823807054004217	16.36950623052593
31.7362701050905	15.384761610299364
31.649557309755785	14.39998310249915
31.563606570182657	13.4151732615029
31.47835776134138	12.430334560334074
31.39375255315096	11.445469398001364
31.309734242616766	10.460580106426164
31.226247594879336	9.47566895700109
31.14323869219437	8.490738166819256
31.060654789938596	7.505789904613891
30.978444178801205	6.520826296441612
30.896556052377196	5.5358494311423385
30.814940379427586	4.55086136560503
30.733547780113387	3.5658641298711444
30.65232940554478	2.5808597320988724
30.57123682001657	1.5958501634175661
30.490221885323884	0.6108374026959922
30.40923664657011	-0.37417657875195687
30.32823321889209	-1.3591898124988404
30.247163674535383	-2.3442003283486486
30.165979929714954	-3.3292061496758976
30.084633630695784	-4.314205288729511
30.003076038520142	-5.2991957418816895
29.921257911797312	-6.284175484797515
29.839129386954678	-7.269142467498355
29.756639855327137	-8.254094609294867
29.6737378364338	-9.239029793563077
29.590370846758134	-10.223945862332585
29.506485263306693	-11.208840610661284
29.42202618117569	-12.193711780759585
29.336937264298896	-13.178557055834546
29.25116058848865	-14.163374053613254
29.164636475808166	-15.148160319508946
29.077303319231866	-16.13291331938396
28.989097396455616	-17.117630431863475
28.899952671611707	-18.10230894014923
28.80980058352213	-19.08694602327374
28.718569818984488	-20.071538746736763
28.626186069428915	-21.0560840524506
28.53257176910523	-22.040578747919852
28.437645812756784	-23.02501949457219
28.341323250507678	-24.00940279514215
28.243514957426385	-24.99372498000504
28.144127274930504	-25.97798219234231
28.043061620855454	-26.962170372004906
27.940214064619564	-27.94628523792825
27.83547486347131	-28.930322268930027
27.72872795529198	-29.914276682701285
27.619850402838207	-30.898143412779277
27.50871178363104	-31.881917083258756
27.395173518916735	-32.86559198096788
27.27908813422085	-33.849162024794964
27.160298442970387	-34.83262073181105
27.038636643443635	-35.81596117977965
26.91392331789319	-36.79917596558586
26.785966321036977	-37.782257159048754
26.654559543181943	-38.76519625149902
26.51948153098135	-39.74798409840619
26.38049394616317	-40.73061085523247
26.237339839427122	-41.71306590554926
26.089741712991646	-42.69533778030302
25.937399340863703	-43.677414066923575
25.779987310654597	-44.659281306751666
25.6171522444972	-45.640924878985544
25.448509649104288	-46.62232886903914
25.27364033597165	-47.60347591880512
25.092086341817136	-48.58434705585924
24.903346266123542	-49.56492149806974
24.70686992656203	-50.54517642938603
24.502052213411158	-51.52508674173285
24.28822599995739	-52.504624736896574
24.06465393611769	-53.483759780999065
23.83051891568352	-54.46245790255574
23.58491296172931	-55.44068132311807
23.326824217362596	-56.41838790699123
23.055121656843436	-57.395530513350565
22.768537040850035	-58.37205623006392
22.465643523596146	-59.34790546338061
22.144830170954297	-60.32301085104973
21.804271457433448	-61.29729595786188
21.441890561853175	-62.27067370145423
21.055314957850843	-63.243044441545464
20.64182236981669	-64.21429364633539
20.198274601286546	-65.18428902385321
19.721035990726055	-66.15287697105441
19.20587223796046	-67.11987814590645
18.647823972559923	-68.08508190236904
18.041047559524593	-69.04823923754333
17.378613051038762	-70.00905377314771
16.652245597244242	-70.96717011322269
15.851991590637649	-71.9221586613055
14.96578370843084	-72.87349560469022
13.978868924486875	-73.82053622108984
12.873049186288345	-74.76247884082923
11.625663986745403	-75.69831555881657
10.208215151452883	-76.6267639027306
8.584494180554413	-77.54617076048743
6.70801981515946	-78.45437538034932
4.518531738583301	-79.34851132636447
1.9372363709929683	-80.22471674004578
358.8605332845555	-81.07770696050716
355.15226865664755	-81.90014380490871
350.63568996318736	-82.68171862759195
345.08941417087436	-83.40788082994538
338.25901399389653	-84.05827848850026
329.9086076763256	-84.60543748596615
319.94543443686905	-85.0152443324539
308.6124795477599	-85.25199938529948
296.61170580680323	-85.28953630033175
284.93153439616503	-85.12325266791575
274.4176000072995	-84.77256297882855
265.47718919046423	-84.2712334504705
258.1164292460037	-83.65487063111095
252.1325576894026	-82.95359698773962
247.26876227257446	-82.19025306090569
243.28885329409138	-81.38131586946653
239.99982136991133	-80.5384729071535
237.25158623707568	-79.67002055195402
234.9296459381321	-78.78190531960252
232.94698120577937	-77.87844881448103
231.23720621732514	-76.96284047070262
229.7492850509669	-76.0374711442617
228.44360726433626	-75.10416031775733
227.28911431748912	-74.16431254487645
226.26120105895924	-73.21902660353726
225.34017797015636	-72.26917273128609
224.51013678381403	-71.31544805360681
223.75810664468287	-70.35841691393642
223.07342062741373	-69.39854060790921
222.44723566949494	-68.43619958178326
221.87216533296657	-67.47171020167593
221.34199628681668	-66.50533756271085
220.8514674752668	-65.53730537553307
220.39609664469398	-64.56780367176503
219.97204296429194	-63.59699486464504
219.57599738922093	-62.625018556925255
219.20509452180485	-61.65199538571363
218.85684126243765	-60.678030120428076
218.52905867119756	-59.70321417669808
218.21983429827208	-58.72762766997033
217.92748286676886	-57.751341103668324
217.65051366247357	-56.77441676518535
217.38760334243887	-55.79690988675682
217.13757314734488	-54.8188696159323
216.89936971269077	-53.840339830957674
216.67204883664255	-52.861359829110484
216.4547616892612	-51.88196491041609
216.24674304737508	-50.90218687476988
216.04730121790396	-49.92205444704402
215.85580937476655	-48.941593642027726
215.67169808422634	-47.96082807887808
215.49444883340826	-46.97977925303044
215.32358840885612	-45.998466772120196
215.15868399802702	-45.016908561340784
214.99933890779374	-44.035121042757225
214.84518881132647	-43.053119292343354
214.6958984489216	-42.07091717790283
214.5511587200444	-41.08852748053769
214.41068411352663	-40.105962001908665
214.2742104308939	-39.123231659192186
214.14149276449194	-38.14034656935226
214.01230369767794	-37.15731612411109
213.88643169903952	-36.17414905679301
213.76367968655796	-35.190853502064
213.6438637409689	-34.207437049433025
213.52681195040105	-33.22390679127045
213.41236337077535	-32.24026936599401
213.3003670884906	-31.256530996989042
213.19068137366975	-30.272697527750708
213.0831729137359	-29.28877445368208
212.97771611837092	-28.304766950916317
212.87419248801535	-27.320679902496195
212.7724900390201	-26.33651792219507
212.67250277938535	-25.352285376235557
212.5741302297347	-24.36798640312543
212.47727698479338	-23.383624931812747
212.38185231117723	-22.399204698331232
212.28776977776957	-21.41472926109377
212.1949469153721	-20.430202014968856
212.10330490267566	-19.44562620426656
212.01276827590968	-18.461004934742334
211.9232646598046	-17.47634118471504
211.83472451774367	-16.491637815391442
211.74708091919268	-15.506897580473577
211.6602693226828	-14.52212313512159
211.5742273727868	-13.537317044337527
211.48889470967342	-12.55248179082733
211.40421278995223	-11.567619782395042
211.32012471763355	-10.582733358919384
211.23657508412694	-9.597824798955187
211.1535098162881	-8.612896326001831
211.07087603160042	-7.627950114477315
210.98862189964254	-6.642988295430243
210.90669650905278	-5.658012962026149
210.82504973924898	-4.6730261748371476
210.743632136206	-3.688029966961892
210.66239479162843	-2.7030263490070467
210.58128922488623	-1.7180173139533395
210.50026726710468	-0.7330048419337487
210.41928094681865	0.25200909505511504
210.3382823766151	1.2370225284804235
210.2572236401953	2.222033488619104
210.17605667929314	3.2070399998966366
210.0947331798832	4.192040076198822
210.01320445710746	5.177031716127331
209.93142133833746	6.162012898181317
209.8493340437737	7.146981575834914
209.76689206396188	8.131935672488211
209.68404403357889	9.116873076263673
209.60073760080914	10.101791634620369
209.51691929159182	11.086689148755298
209.4325343679741	12.071563367761641
209.34752667975195	13.056411982509374
209.26183850851743	14.041232619210504
209.17541040316112	15.02602283263154
209.0881810057968	16.01078009890921
209.00008686698268	16.995501807922125
208.91106224900818	17.980185255170127
208.82103891589537	18.964827633101407
208.72994590862854	19.949426021827648
208.63770930396922	20.933977379160623
208.544251955041	21.918478529891303
208.44949321166604	22.90292615422929
208.35334861821042	23.88731677531129
208.25572958643622	24.871646745670574
208.15654304056392	25.85591223255402
208.05569103141286	26.840109201955514
207.95307031610372	27.824233401218038
207.84857189936733	28.80828034004294
207.7420805320008	29.79224526971501
207.63347416143267	30.776123160339374
207.5226233286934	31.759908675846816
207.40939050531952	32.74359614650022
207.2936293628321	33.7271795385938
207.17518396640324	34.710652420993014
207.05388788313056	35.69400792811766
206.9295631939528	36.677238718903304
206.80201939662027	37.66033693121965
206.67105218524134	38.64329413113295
206.5364420897064	39.626101256314804
206.397952955682	40.60874855278349
206.25533024279042	41.59122550403907
206.10829911495256	42.57352075149264
205.95656229255584	43.55562200491361
205.79979763097307	44.53751594139542
205.63765538382674	45.51918809108452
205.46975510204837	46.500622707597365
205.29568211095034	47.48180262067873
205.1149834968705	48.462709068198194
204.92716352204096	49.44332150402333
204.7316783706317	50.4236173776397
204.52793010974412	51.40357188055831
204.31525972561272	52.383157653536216
204.09293906629662	53.36234444738406
203.86016148627363	54.341098728574494
203.61603094373748	55.31938321892243
203.35954924561673	56.297156356173716
203.08960106522917	57.27437165926024
202.80493626888335	58.25097697807939
202.50414897511382	59.22691360267116
202.18565262621277	60.20211520026744
201.8476501663883	61.176506540395195
201.48809818081637	62.15000195742945
201.1046635367911	63.122503485807385
200.6946706569893	64.09389858436512
200.25503701082516	65.06405734122536
199.78219368452193	66.03282901698023
199.271986915806	67.0000377381419
198.71955515863817	67.96547709006795
198.11917443965575	68.92890327158244
197.46406228355846	69.8900263517043
196.746127034332	70.84849899637386
195.95564456924555	71.80390178591492
195.08083759206315	72.7557238855518
194.10732303065706	73.70333730515352
193.01737930618216	74.64596220229588
191.78896564785236	75.58261950602144
190.394397908599	76.51206534794986
188.79854685952813	77.43269903605994
186.95637382454947	78.34243205345162
184.8095572915228	79.23849899395462
182.28191039260125	80.11718133107894
179.27330438080065	80.973400249111
175.65207646186357	81.80011540923394
171.2468804341328	82.58744812969623
165.84172885024367	83.32145498973054
159.18461926728517	83.98258963298741
151.03235975442817	84.54429455150924
141.26476434710878	84.97312719962986
130.07280368404483	85.2330917188607
118.10332066157657	85.29610623727997
106.33036903664248	85.15448079349797
95.63989972953262	84.82498952786214
86.49755064887376	84.34034932315056
78.9494593055853	83.73647138086233
72.80866951060123	83.04434298809923
67.81956300459623	82.28768763653302
63.741441111659135	81.4836875716825
60.37568946338343	80.64454150755527
57.567245095968175	79.77890257410043
55.19764767440733	78.8929637085714
53.17687347989366	77.99121733325708
51.43629543836958	77.07697252420478
49.92321174960309	76.15270507403278
48.596769530375774	75.22029565633744
47.42497705202811	74.28119356799456
46.382522010538906	73.33653077945054
45.44917381924836	72.38720249347057
44.60860611204509	71.43392485800891
43.84752178871517	70.47727688799262
43.1549969342041	69.51773132368439
42.521984208090075	68.55567763347543
41.9409333898771	67.59143936602106
41.40549875871894	66.625287386921
40.910311417667465	65.65745008242443
40.450800628868905	64.68812130276318
40.02305246176742	63.717466603021485
39.62369709130963	62.74562818890443
39.24981827541622	61.77272886800603
38.898880137752116	60.7988752306226
38.56866755455614	59.8241602286851
38.25723731268812	58.848665280791494
37.962877854270396	57.87246200132966
37.684075910948856	56.89561362932002
37.419488700428	55.91817621579901
37.167920640145134	54.940199615820454
36.92830374992735	53.96172832141826
36.69968108341933	52.98280216438017
36.48119265890302	52.0034569118796
36.27206346268138	51.02372477348426
36.071593179056855	50.04363483450122
35.8791473650561	49.063213427813274
35.69414983917311	48.08248445413012
35.5160760943744	47.10146965879195
35.34444757861251	46.120188871839034
35.17882671280241	45.13866021690018
35.01881253793281	44.15690029351609
34.864036900721075	43.1749243367566
34.71416110176587	42.1927463573603
34.56887294213095	41.210379265112174
34.42788411419833	40.22783497775714
34.290927890847016	39.245124517389534
34.15775707386029	38.262258095971234
34.0281421681859	37.279245191386295
33.90186975347338	36.29609461523713
33.7787410283491	35.31281457341365
33.658570506299114	34.329412720324925
33.54118484491437	33.34589620756087
33.4264217927028	32.36227172764537
33.31412923975881	31.37854555345649
33.20416436036185	30.394723573814844
33.09639283709939	29.410811325672363
32.99068815741954	28.426814023287548
32.88693097464225	27.442736584714382
32.78500852642985	26.458583655902537
32.68481410455604	25.47435963266298
32.58624657053868	24.49006868072796
32.489209912332264	23.50571475410284
32.39361283782482	22.521301611891047
32.29936840136058	21.536832833746374
32.206393659927784	20.552311834095065
32.11460935601431	19.567741875249368
32.02393962445419	18.583126079527432
31.93431172086676	17.598467440477933
31.845655769536265	16.61376883329669
31.757904528795923	15.629033024519742
31.670993172169688	14.644262681062543
31.584859083692585	13.659460378671639
31.49944166597751	12.67462860984908
31.414682159725675	11.689769791302027
31.33052347349236	10.704886270967734
31.246910022619932	9.719980334659851
31.163787576337572	8.735054212376127
31.08110311210513	7.750110084306243
30.998804676345305	6.765150086575375
30.91684125076742	5.780176316757121
30.83516262353606	4.7951908391839595
30.753719264582152	3.810195690089344
30.67246220438929	2.8251928826028774
30.591342915620405	1.8401844116305028
30.510313196972668	0.8551722586410193
30.42932505866951	-0.12984160361371266
30.348330609011306	-1.1148552064244086
30.26728194141645	-2.099866580468216
30.186131021387975	-3.0848737511508517
30.104829572840757	-4.069874733920912
30.023328963218322	-5.054867529536438
29.94158008681865	-6.039850119254325
29.859533245732077	-7.024820459924086
29.77713802777445	-8.009776478955033
29.69434318077208	-8.994716069133545
29.61109648252305	-9.97963708326138
29.52734460572123	-10.964537328585635
29.44303297708387	-11.94941456098816
29.358105629871336	-12.934266478902558
29.272505048926313	-13.919090716921431
29.18617200729048	-14.903884839054129
29.099045393376187	-15.88864633159423
29.01106202757972	-16.873372595549768
28.922156467119155	-17.858060938584813
28.832260797761382	-18.842708566419887
28.74130441096936	-19.827312573626656
28.649213764848326	-20.811869933750927
28.55591212709649	-21.79637748869176
28.46131929796998	-22.780831937249843
28.36535131104813	-23.76522982275533
28.267920109330774	-24.74956751967386
28.16893319391018	-25.733841219072588
28.06829324212939	-26.718046912820256
27.965897691761175	-27.702180376376404
27.86163828731019	-28.686237150005724
27.75540058404477	-29.67021251823799
27.647063404797454	-30.654101487361416
27.536498243917322	-31.63789876072036
27.423568612004463	-32.62159871154702
27.308129314184196	-33.60519535302669
27.190025653670517	-34.58868230525131
27.069092551197016	-35.57205275866518
26.945153569531698	-36.555299433555305
26.818019830704788	-37.53841453506155
26.687488811721266	-38.521389703116654
26.55334300235541	-39.50421595662158
26.415348406066723	-40.486883631062966
26.273252862062925	-41.469382308647
26.126784162973127	-42.45170073987353
25.975647938369182	-43.43382675529904
25.819525269348894	-44.41574716601582
25.65806999339698	-45.397447651127095
25.49090565155838	-46.37891263018915
25.31762202132876	-47.36012511821971
25.1377711682572	-48.34106656043127
24.950862936652335	-49.32171664330721
24.756359784463363	-50.30205307797604
24.553670848705867	-51.28205135103974
24.34214510487791	-52.261684437019966
24.121063455583677	-53.24092246536321
23.88962954865947	-54.21973233343442
23.646959081685416	-55.19807725503506
23.39206729552654	-56.175916231613115
23.12385429141997	-57.153203430347816
22.84108772008586	-58.12988744950255
22.54238228205174	-59.10591044660757
22.22617533872986	-60.081207098828855
21.890697754221517	-61.0557033568621
21.533938855430886	-62.02931494323886
21.15360409525751	-63.00194553224537
20.74706360628318	-63.973484530535075
20.311289307106176	-64.94380435338553
19.84277752384637	-65.91275705909183
19.337453150105606	-66.8801701599576
18.790550097546703	-67.84584136801044
18.19646105472877	-68.80953195009093
17.54854718520355	-69.7709582501978
16.838895084708646	-70.72978077185346
16.058003686610018	-71.68558997701663
15.194377280741472	-72.63788761604235
14.233991562021268	-73.58606190182962
13.15958645868076	-74.5293540972435
11.949720733941598	-75.46681296703471
10.577496785011029	-76.39723184659385
9.008827057107856	-77.31906047235765
7.2000639534663975	-78.23027968991792
5.094754670145929	-79.12822092811089
2.6192257107723185	-80.00930280858739
359.676702287135	-80.8686432183037
356.13988317050865	-81.69948628262767
351.8427401894168	-82.4923644157789
346.5747861709923	-83.23391725642708
340.0870860048864	-83.9053806898448
332.1308693782916	-84.4811121389811
322.5615569361992	-84.92840307861579
311.5206901960727	-85.21112712621715
299.59808926122	-85.29949482312938
287.74645669909944	-85.18279828834034
276.8865735133063	-84.87502653210262
267.5427207467606	-84.40763829592589
259.8042083089361	-83.81672426633378
253.5024689490802	-83.13410476130551
248.38431995853966	-82.38440018484911
244.2049308394133	-81.58552305146566
240.7600840421477	-80.75020563144213
237.8896188517346	-79.88747443893695
235.4709884486239	-79.00378040492211
233.4110560027769	-78.10379462853331
231.6388693138549	-77.19095114358421
230.09999840684944	-76.26781429647596
228.75230235941467	-75.33632844006382
227.5628229729088	-74.39798934883174
226.50551641857797	-73.45396341183232
225.55959307529875	-72.50517167611812
224.7082951231108	-71.55234995113787
223.93798919847444	-70.59609239402349
223.23748681009369	-69.63688354077618
222.59753054036605	-68.67512214693699
222.01040191225536	-67.71113914596947
221.46961933269105	-66.74521132994883
220.96970332981388	-65.77757188222154
220.50599251799358	-64.8084185671228
220.07449814136032	-63.83792015728625
219.67178820826766	-62.866221521870784
219.2948945105919	-61.89344768767549
218.94123748180937	-60.91970710538533
218.60856506573953	-59.94509429549055
218.2949026688099	-58.96969200624454
217.99851194057024	-57.993572984905086
217.71785663214868	-57.0168014403267
217.45157416473725	-56.039434257561254
217.19845183190176	-55.06152201194368
216.9574067835949	-54.08310982007728
216.72746911305606	-53.10423805739859
216.5077675026845	-52.12494296601011
216.2975169906328	-51.14525717180226
216.09600850312094	-50.16521012622414
215.90259986344185	-49.184828485168936
215.71670804119222	-48.20413643514735
215.53780244736362	-47.22315597509083
215.3653991148177	-46.24190716065263
215.1990556310827	-45.26040831669556
215.03836671268462	-44.278676222687324
214.88296032840898	-43.29672627494725
214.7324942937938	-42.3145726290426
214.58665327142387	-41.332228325114414
214.4451461217346	-40.34970539847285
214.3077035574417	-39.36701497744369
214.17407606171744	-38.384167370154614
214.04403203608143	-37.40117214169432
213.91735614887884	-36.41803818287292
213.79384785934354	-35.434773771637296
213.6733200957228	-34.4513866280449
213.55559806888638	-33.467883963577336
213.44051820534116	-32.48427252547019
213.3279271857014	-31.500558636641927
213.21768107647935	-30.51674823173188
213.10964454461634	-29.532846889690788
213.0036901455062	-28.548859863308238
212.89969767641063	-27.56479210602059
212.79755358815402	-26.580648296291045
212.69715044883893	-25.596432859828028
212.59838645406353	-24.612149989869295
212.5011649787634	-23.62780366573641
212.40539416635792	-22.643397669840198
212.31098655136742	-21.65893560329451
212.21785871209147	-20.674420900284005
212.12593095030863	-19.689856841309364
212.035126995283	-18.705246565425213
211.945373729647	-17.72059308156875
211.85660093497904	-16.73589927907463
211.76874105511519	-15.751167937451712
211.68172897542553	-14.766401735500523
211.59550181645668	-13.78160325983444
211.50999874049063	-12.796775012866021
211.42516076970298	-11.811919420312535
211.34093061471776	-10.82703883827314
211.25725251245925	-9.842135559916898
211.1740720722906	-8.857211821832067
211.09133612950694	-7.872269810068815
211.00899260531963	-6.887311665913742
210.92699037252814	-5.902339491429018
210.84527912612663	-4.917355354788114
210.76380925813825	-3.9323612954347027
210.68253173600564	-2.9473593290972104
210.60139798389872	-1.962351452679897
210.52035976632595	-0.9773396490608377
210.4393690734548	0.007674108182200712
210.3583780075623	0.9926878500910448
210.27733867004588	1.9776996076719513
210.1962030484299	2.9627074072379287
210.11492290280302	3.9477092657288324
210.0334496511164	4.932703185984067
209.9517342527637	5.917687151943682
209.86972708984825	6.902659123754546
209.7873778455231	7.887617032755713
209.70463537876452	8.872558776315088
209.6214475949074	9.857482212491576
209.5377613112345	10.84238515449249
209.45352211686546	11.827265364895283
209.36867422614256	12.8121205495992
209.28316032464724	13.796948351473205
209.19692140691515	14.781746343660089
209.10989660483773	15.766512022494041
209.02202300564903	16.751242799987835
208.9332354582938	17.735935995838744
208.84346636685774	18.72058882889756
208.75264546960767	19.705198408043458
208.6606996020408	20.689761722394238
208.56755244217132	21.67427563078037
208.47312423608952	22.658736850402903
208.37733150160898	23.643141944580435
208.28008670756682	24.627487309487492
208.1812979260579	25.611769159768173
208.08086845455745	26.595983512902002
207.97869640451694	27.580126172175454
207.87467425259175	28.564192708102055
207.76868835017288	29.548178438109822
207.66061838633607	30.532078404290985
207.5503367986786	31.51588734898551
207.4377081257726	32.499599687934975
207.32258829410824	33.48320948070818
207.20482383140975	34.46671039806093
207.08425099705676	35.45009568584108
206.96069481900884	36.433358124994044
206.8339680250717	37.41648998716211
206.70386985452444	38.399482985285964
206.57018473399316	39.38232821853796
206.43268079895165	40.365016110799296
206.2911082392757	41.34753634177726
206.1451974437895	42.329877769706044
205.99465691460708	43.31202834439972
205.83917091715364	44.29397500922074
205.67839682588715	45.275703590271
205.5119621187174	46.25719867081922
205.33946096468736	47.23844344861768
205.16045033931223	48.219419573321815
204.97444558966765	49.200106960703884
204.780915356365	50.18048357970993
204.57927574131574	51.160525207618804
204.36888358783554	52.140205147604576
204.14902871213877	53.11949390180979
203.91892489126974	54.098358791563854
203.67769937027322	55.07676351453931
203.42438059865694	56.054667626344646
203.1578838399957	57.03202593113647
202.8769942149628	58.00878776217187
202.58034663201872	58.9848961285269
202.26640192456227	59.9602866981963
201.93341833935867	60.93488658002169
201.57941729606114	61.90861285679617
201.20214204472492	62.881370808645926
200.79900746417013	63.85305174831578
200.3670387368705	64.82353036669241
199.90279596113177	65.79266145563915
199.40228085617	66.76027583283155
198.86082049194098	67.72617523530252
198.27292130739798	68.69012586825592
197.63208438788013	69.65185018377838
196.9305697943421	70.61101630599542
196.15909329697757	71.56722429339983
195.3064326156451	72.51998810260132
194.3589114150025	73.46871163994487
193.29971670161132	74.41265657941841
192.10798731705663	75.35089856312563
190.75758575866294	76.28226678859951
189.21542998876475	77.20525951575026
187.43921395102907	78.11792420982687
185.37428603048284	79.01768513476085
182.94939583589502	79.90109216906612
180.0710075944496	80.76345119092396
176.61605197556815	81.59827801110785
172.42372000214104	82.39649799496482
167.28909167927767	83.145310228863
160.96684780753858	83.82670869433703
153.20420680255015	84.41595947744436
143.83510242173764	84.88114030206972
132.954486844888	85.18614745169246
121.09399689278872	85.29969517726262
109.17837140315557	85.20815355067056
98.15715410252152	84.92260334479369
88.61290412304753	84.47303364213789
80.68114938460923	83.89557612681314
74.2144542566495	83.22284319895107
68.96346172966949	82.48036284628938
64.67966267808747	81.68680260198951
61.15326639811369	80.85545125688374
58.21890604249688	79.99572604754935
55.74981916550479	79.11434802637031
53.64964415917257	78.21617521876621
51.84501684292539	77.30477219524492
50.27971435700468	76.38279564807344
48.910260327018506	75.45225621401107
47.70269548074095	74.5146979576001
46.63021914019546	73.57132296548484
45.671463998875886	72.62307904441212
44.80922693425695	71.67072232964762
44.029527942763416	70.71486260908915
43.32090610817033	69.7559965783503
42.67388794297104	68.79453255437829
42.08058209553807	67.83080906448562
41.53436750995643	66.8651089882421
41.02965132366912	65.8976704313487
40.56167927698613	64.92869517058395
40.12638601478633	63.95835527401268
39.72027595485227	62.986798336427874
39.34032777192584	62.01415165385874
38.98391727260114	61.04052557791505
38.64875470123879	60.06601623071421
38.33283345196455	59.09070771731339
38.034387858285655	58.11467394026266
37.75185825481227	57.137980096875204
37.48386190122343	56.160683921770456
37.229168660168355	55.182836723617356
36.986680552241495	54.204484254597396
36.755414490024265	53.225667443121765
36.5344876322981	52.24642301415692
36.32310490840892	51.26678401669645
36.120548348487155	50.28678027414681
35.926167923109745	49.306438770418254
35.739373650039596	48.325783982149446
35.55962876894151	47.34483816561273
35.3864438197792	46.363621605337585
35.21937148873281	45.38215283026798
35.05800210832949	44.400448802290406
34.90195971711976	43.4185250811593
34.750898599507686	42.43639596919683
34.60450023890699	41.45407463859873
34.46247062777564	40.47157324374243
34.32453788668532	39.488903020519125
34.19045015174395	38.50607437440749
34.0599736956698	37.523096958756824
33.93289125282737	36.5399797445297
33.8090005227475	35.55673108257368
33.68811283020941	34.57335875935225
33.57005192296623	33.589870046919934
33.45465289074848	32.60627174783811
33.341761191348134	31.622570235618497
33.23123177143968	30.63877149122115
33.12292827137643	29.654881136048644
33.01672230456072	28.67090446183372
32.912492803154514	27.686846457770194
32.810125422901585	26.70271183517557
32.70951200070554	25.7185050499681
32.61055005935651	24.73423032317592
32.51314235445607	23.749891659698832
32.41719645915407	22.765492865493954
32.322624382808115	21.781037563356463
32.22934222010561	20.796529207433792
32.137269827565646	19.811971096602548
32.046330524668626	18.827366386827862
31.956450817148717	17.84271810259746
31.867560140240005	16.858029147534737
31.779590619888094	15.873302314261494
31.692476850136767	14.888540293594573
31.60615568507018	13.903745683137174
31.52056604384391	12.918920995327142
31.43564872747215	11.934068665002428
31.351346246154446	10.94919105652437
31.267602656031517	9.964290470516431
31.184363404347913	8.979369150249909
31.10157518208131	7.9944292877247705
31.01918578316638	7.009473029473327
30.937143969503165	6.024502482129449
30.855399340990996	5.039519717785993
30.773902209875367	4.054526779174708
30.692603478732874	3.0695256846976946
30.611454521450856	2.0845184333309135
30.530407066585788	1.0995070094348733
30.44941308250322	0.11449338748535354
30.36842466371947	-0.8705204632395436
30.28739391787357	-1.855532574003405
30.20627285276509	-2.8405409719547094
30.125013262892807	-3.8255436754510015
30.043566614925425	-4.8105386893401345
29.961883931526724	-5.795524000169181
29.879915672942225	-6.780497571306711
29.797611615736855	-7.765457337941143
29.714920728046177	-8.750401201940164
29.631791040675417	-9.73532702653452
29.54816951334178	-10.720232630802627
29.464001895313274	-11.705115783924697
29.379232579646583	-12.68997419916765
29.29380445016676	-13.674805527574833
29.207658720265222	-14.659607351312559
29.12073476251423	-15.644377176640972
29.0329699280087	-16.629112426454043
28.944299354244382	-17.613810432351173
28.854655760228827	-18.598468426173667
28.763969227390046	-19.583083530957325
28.67216696470161	-20.567652751229716
28.579173056274907	-21.55217296257881
28.484908189478745	-22.536640900418163
28.38928936143125	-23.521053147849926
28.292229561461177	-24.50540612253684
28.193637426857478	-25.48969606245987
28.093416868904054	-26.473919010447588
27.99146666583333	-27.458070797327863
27.887680018912974	-28.44214702355002
27.7819440674023	-29.426143039099088
27.67413935756555	-30.41005392149556
27.56413926029615	-31.393874451663407
27.45180933117992	-32.377599087397996
27.337006605982413	-33.36122193415092
27.219578823575095	-34.34473671278698
27.099363567184636	-35.32813672394175
26.976187313539793	-36.31141480853883
26.849864377962053	-37.29456330396212
26.7201957416595	-38.277573995315606
26.586967745394436	-39.26043806109672
26.44995063123687	-40.24314601252385
26.308896911225922	-41.225687625617184
26.163539538341144	-42.20805186500968
26.013589851140416	-43.19022679826779
25.858735258606217	-44.17219949932152
25.698636626005996	-45.15395593934261
25.53292531570701	-46.13548086312116
25.361199828641467	-47.11675764864785
25.183021982187835	-48.09776814716662
24.997912548215112	-49.07849250047093
24.80534626045058	-50.058908931563735
24.604746082534724	-51.03899350406573
24.395476606346595	-52.018719844784755
24.176836423380593	-52.99805882272966
23.948049278847055	-53.97697817639778
23.708253777057955	-54.9554420793788
23.456491355355155	-55.93341063209141
23.191692179494915	-56.91083926463179
22.912658532241025	-57.887678032163336
22.618045163988043	-58.863870779712244
22.306335942894997	-59.83935414742342
21.97581597340481	-60.81405637979813
21.624538134167825	-61.78789589265841
21.250282702998692	-62.760779538799994
20.85050836529559	-63.732600496391655
20.42229241255529	-64.703235681738
19.962257286485926	-65.67254255787361
19.46647975179275	-66.64035516968823
18.93037780241394	-67.60647918051356
18.348568801405037	-68.57068560817754
17.714690151405417	-69.53270285119274
17.021170742069337	-70.49220644437733
16.25893716287841	-71.4488057673151
15.417032681378272	-72.40202661735668
14.482118509232608	-73.35128810343531
13.437814819175225	-74.29587164308148
12.263821792244643	-75.23487883566057
10.934736578967302	-76.16717345503693
9.418447885274023	-77.09130046206622
7.6739435494783415	-78.0053713219728
5.648308126902824	-78.90689931908861
3.2726270995601388	-79.79255997586611
0.4564916712298958	-80.65783886190314
357.0809351735323	-81.49651127436945
352.99026039590956	-82.29987810204887
347.9851483859422	-83.05567483903533
341.8243591705524	-83.74662886567211
334.2525093037806	-84.34890471325573
325.0848075944695	-84.83140851203706
314.3726435632263	-85.15819936122895
302.5890195978767	-85.2967068922346
290.6245764961475	-85.23049933724863
279.4510626434341	-84.96765018766851
269.7082459926999	-84.53646736395007
261.58073935531064	-83.97297197238078
254.9451280076376	-83.31051757540095
249.557427528537	-82.57554654263996
245.16598756456114	-81.78750565459225
241.55550675905366	-80.96026376580681
238.55531211504683	-80.10364688961502
236.0342959145721	-79.22465890457644
233.89275718708274	-78.32835342107009
232.05482988904524	-77.41843140183713
230.46243107509656	-76.49764586113369
229.07069962163155	-75.56807644664121
227.8446392027126	-74.63131740736355
226.75666597451985	-73.68860786200463
225.78481558118384	-72.74092333045698
224.91142523491666	-71.78904096456372
224.1221575426757	-70.83358669017682
223.4052710422279	-69.87506973968797
222.75106998265306	-68.91390827531802
222.1514853703441	-67.95044863430462
221.59975298383785	-66.98497994993579
221.09016366922017	-66.01774537942111
220.61786800162903	-65.0489508132703
220.17872220281743	-64.07877169510971
219.76916563724325	-63.107358409280664
219.38612268108193	-62.13484057241536
219.0269235534333	-61.16133047863994
218.68924001317245	-60.186925885600886
218.3710327950808	-59.211712282970836
218.07050838094935	-58.235764751545446
217.78608324299597	-57.259149496148666
217.51635410635043	-56.28192511686683
217.26007308912452	-55.30414366903946
217.01612681766164	-54.32585155166689
216.7835187991607	-53.347090255652375
216.561354477336	-52.36789699692082
216.34882850897077	-51.38830525448006
216.14521388750126	-50.40834522962078
215.9498526096204	-49.4280442393692
215.76214763647377	-48.447427054897105
215.58155594548145	-47.466516193634845
215.40758250456878	-46.48533217230644
215.23977502946772	-45.50389372683267
215.07771940819427	-44.52221800405081
214.9210356959221	-43.54032072937429
214.769374599124	-42.55821635383347
214.62241438072454	-41.575918183404866
214.47985812863075	-40.59343849305904
214.3414313388173	-39.6107886276051
214.20687977146244	-38.62797909107536
214.0759675447501	-37.64501962615178
213.9484754360721	-36.661919284905125
213.82419936466886	-35.678686491940866
213.70294903337808	-34.69532910089609
213.58454671022574	-33.71185444508852
213.46882613320022	-32.72826938302626
213.355631523761	-31.744580339375943
213.2448166965242	-30.760793341924796
213.13624425418053	-29.776914054986463
213.02978485808538	-28.792947809654706
212.92531656615347	-27.808899631258328
212.82272423071143	-26.824774264316034
212.7218989498515	-25.840576195270188
212.62273756659195	-24.85630967322838
212.5251422108174	-23.87197872893229
212.42901987954656	-22.88758719212825
212.33428205158089	-21.903138707515623
212.24084433302278	-20.91863674940973
212.14862613053774	-19.934084635254067
212.05755034956863	-18.94948553809938
211.96754311500456	-17.964842498147533
211.87853351206425	-16.980158433462265
211.79045334538054	-15.995436149919342
211.70323691447243	-15.010678350484724
211.616820803964	-14.025887643873418
211.53114368706784	-13.041066552666805
211.4461461409818	-12.056217520931554
211.3617704729714	-11.071342921396251
211.27796055601303	-10.086445062236052
211.19466167296684	-9.101526193499097
211.11182036832858	-8.116588513223888
211.02938430668073	-7.131634173274733
210.94730213702556	-6.146665284939118
210.8655233622355	-5.1616839243092585
210.78399821290242	-4.176692137481979
210.70267752490673	-3.19169194560817
210.6215126200598	-2.2066853498105132
210.54045518919992	-1.2216743360037867
210.45945717714318	-0.23666087963424332
210.37847066890723	0.7483530496282782
210.2974477766357	1.7333654832334702
210.2163405266588	2.71837444909346
210.13510074612446	3.7033779669109634
210.05367994863258	4.688374043468258
209.97202921829629	5.673360667844975
209.89009909163892	6.658335806553538
209.80783943671904	7.643297398553443
209.72519932884973	8.628243350130091
209.64212692224982	9.613171529600933
209.55856931692824	10.598079761828856
209.4744724200603	11.582965822502558
209.3897808010645	12.567827432160144
209.30443753953097	13.552662249916892
209.21838406508735	14.537467866855337
209.1315599882093	15.522241799045716
209.04390292089883	16.506981480142343
208.95534828605292	17.491684253515913
208.8658291142327	18.47634736385926
208.77527582641667	19.46096794821581
208.68361600117456	20.44554302636277
208.59077412453536	21.430069490473045
208.49667132063468	22.414544093985256
208.40122506101395	23.398963439584108
208.30434885020196	24.383323966201218
208.20595188493346	25.367621934916713
208.10593868404447	26.351853413649074
208.00420868572513	27.33601426048525
207.90065580840033	28.32010010550212
207.79516797103673	29.30410633090296
207.68762656813635	30.28802804926584
207.57790589405386	31.271860079690683
207.46587251056158	32.255596921578665
207.35138455075867	33.239232725767344
207.23429095146733	34.22276126268298
207.11443060514955	35.20617588714399
206.9916314210937	36.18946949937636
206.8657092841177	37.17263450175782
206.73646689728713	38.155662750720545
206.60369249309545	39.13854550315549
206.467158395146	40.12127335657392
206.32661940954205	41.103836182139815
206.18181102184423	42.08622304956715
206.0324473714907	43.06842214269181
205.878218970867	44.05042066433554
205.7187901305989	45.03220472884118
205.55379604592903	46.01375924036378
205.3828394909812	46.99506775467551
205.2054870580133	47.9761123218042
205.0212648670254	48.95687330634863
204.82965365685254	49.937329181676446
204.63008315151168	50.91745629348993
204.42192557433697	51.897228587303786
204.20448815632108	52.876617293273156
203.97700445283866	53.85559056039535
203.7386242429133	54.834113030377694
203.48840173529376	55.81214533928704
203.2252817430588	56.78964353234986
202.94808340963658	57.766558373823855
202.65548096921776	58.74283452942933
202.34598089714774	59.718409593204214
202.01789464248523	60.69321292333714
201.66930592393933	61.667164242096675
201.29803129621396	62.64017194258907
200.90157233494347	63.61213102876983
200.47705731535487	64.58292059348018
200.02116963151843	65.55240071021842
199.53005936207188	66.52040857511301
198.99923325362008	67.48675368194937
198.42341684942332	68.45121173922087
197.79638037364066	69.41351693524567
197.11071705280796	70.3733520124282
196.35755847251323	71.33033540528498
195.52620582906619	72.28400439922223
194.60364781852323	73.23379283284658
193.57392436384498	74.17900122508863
192.41727893465534	75.11875624903396
191.10901884499785	76.05195502228878
189.6179700999126	76.97718746264147
187.90436860986972	77.89262653272547
185.9169725051603	78.79587089862353
183.58911889485236	79.68371637856224
180.83341691793666	80.55182032656491
177.53487430506473	81.3942058853979
173.54279131394713	82.20253274701037
168.66345516459705	82.96505039600886
162.66009138376944	83.66519459456434
155.2759744186752	84.28001474099293
146.31019145333485	84.77927826676898
135.77372011926317	85.12733393250629
124.0811406028078	85.29053603790486
112.08343209369733	85.2497931764313
100.76760420600112	85.01009854120181
90.82882540727519	84.59787035812171
82.50341468503923	84.04885499480973
75.69499552571494	83.39708550354361
70.16666686215584	82.66992092761602
65.66426731618894	81.88761073934481
61.967084543376124	81.06462791585685
58.899049664519666	80.21122602415208
56.32458016241767	79.33470507213791
54.14051832278814	78.44032334241211
52.268403286680474	77.5319243362468
50.64822225471573	76.6123615596324
49.233678101399164	75.68378652688867
47.98870003428514	74.7478456519657
46.88489369351655	73.80581647828896
45.89967756705388	72.85870323218516
45.014914304022	71.90730480047678
44.21589798475171	70.95226377359451
43.49059819685852	69.99410231172622
42.829090524074346	69.03324871623349
42.223123408575326	68.07005735765959
41.66578564456175	67.1048237946384
41.15124879829205	66.13779636907705
40.674565921619084	65.16918518955436
40.231512937738735	64.19916915771398
39.81846265503592	63.22790151314922
39.43228393842082	62.25551424585754
39.07026043426187	61.28212163516037
38.730024610390764	60.30782310899386
38.4095038796059	59.33270557013946
38.106876323775055	58.35684530113795
37.820534096715775	57.38030953381563
37.549053007731004	56.40315774998129
37.291167110035	55.42544276527186
37.04574736528662	54.4472116369835
36.81178364600102	53.46850642822704
36.58836948557576	52.4893648541413
36.374689101306465	51.50982083079649
36.170006306676164	50.529904943405406
35.97365500109293	49.549644847305686
35.78503098241592	48.56906561268574
35.603584873304115	47.58819002201934
35.42881598914461	46.60703882760203
35.260267004959495	45.625630975273765
35.09751930274687	44.64398379939868
34.94018890030668	43.66211319330623
34.78792287864659	42.680033758722594
34.64039623824633	41.69775893715551
34.49730912533636	40.715301125718874
34.358384378360654	39.732671779512614
34.22336535228384	38.749881502342504
34.092013984656546	37.76694012730975
33.96410907258507	36.78385678856378
33.83944473415043	35.80063998533591
33.71782903152763	34.8172976392153
33.59908273618642	33.83383714548174
33.48303821921414	32.850265419219866
33.36953845205621	31.866588936819056
33.25843610489844	30.882813773407143
33.14959273155909	29.898945636673474
33.04287803117126	28.914989897495246
32.93816917814796	27.930951617720268
32.83535021296626	26.946835575416785
32.73431148720922	25.962646287870527
32.63494915708276	24.978388032559963
32.537164720302975	23.994064866335606
32.44086459183431	23.00968064297841
32.34595971447312	22.025239029317646
32.25236520071422	21.04074352004332
32.160000002730435	20.05619745135806
32.06878660763327	19.071604013575765
31.9786507554833	18.086966262776983
31.88952117778032	17.10228713161824
31.801329354392823	16.117569439373398
31.714009287089652	15.132815901288964
31.627497288013906	14.148029137318105
31.541731781596837	13.163211680301686
31.456653118546296	12.178365983645804
31.372203400666628	11.193494428550622
31.28832631537428	10.208599330841977
31.20496697886561	9.223682947438533
31.122071786978086	8.238747482507208
31.039588272855998	7.2537950933304245
30.957464970596718	6.268827895931935
30.87565128410608	5.283847970482782
30.794097360439768	4.298857366523563
30.712753966946924	3.313858108029578

